Evaluation results:
Recall: [0.40200048 0.66363247 0.76217896]
Precision: [0.22978723 0.19361702 0.15319149]
NDCG: [0.31071965 0.42159534 0.45682102]
