Evaluation results:
Recall: [0.64768063 0.82648946 0.86997636]
Precision: [0.57021277 0.39148936 0.29361702]
NDCG: [0.66415373 0.74192953 0.74985751]
