Evaluation results:
Recall: [0.81069696 0.88785794 0.93057111]
Precision: [0.80425532 0.48510638 0.37021277]
NDCG: [0.91751066 0.93613096 0.94097419]
