Evaluation results:
Recall: [0.46945289 0.72000623 0.78710934]
Precision: [0.31914894 0.25319149 0.19432624]
NDCG: [0.39972377 0.51019267 0.53438988]
