Evaluation results:
Recall: [0.56733789 0.80894124 0.84309777]
Precision: [0.45106383 0.34468085 0.25248227]
NDCG: [0.56061656 0.67536441 0.68294426]
